3042 1505 1990 1308 1694 1207 2755 2288 2624 2336 509 887 754 1352 133 2837 1 861 401 1570 3116 554 2971 2092 1357 429 1548 1328 2957 1193 944 151 2810 472 2037 2348 795 1869 2575 1085 2055 2363 621 2539 2968 1716 2982 859 1952 633 938 181 2191 709 1727 2591 771 701 1347 1255 1316 2051 2065 3124 1154 2820 70 126 2657 178 388 2423 2603 1426 2842 3084 346 193 597 1400 557 1280 398 1655 2458 228 1062 1762 392 195 1340 2626 1105 1388 2234 546
551 1502 2016 2735 1970 2842 679 1469 1001 2337 2426 173 1072 2423 1735 3059 336 1516 2702 742 2285 1619 2890 689 440 473 1602 2746 2966 1489 1116 2034 1113 2571 918 2517 520 1139 1114 446 912 3090 1627 2942 903 924 1612 2628 1136 451 753 1321 835 2752 2854 1274 1056 392 430 225 270 2980 2998 2948 1573 2101 1043 648 1327 1679 541 2373 2497 2115 2912 1613 317 1716 2830 52 1632 2761 2474 441 2668 1108 868 760 2725 3038 32 2734 2361 326 896 2774
470 137 448 735 2511 935 2187 1286 2698 118 509 1531 814 2934 1437 2821 573 2230 3022 2662 1253 1683 187 2316 2573 1340 2569 656 792 2860 3050 1264 1538 2131 2945 2506 743 3078 2737 1297 2202 637 917 1563 1428 1576 515 3132 1715 2439 1433 1552 359 580 1407 2163 739 2009 1719 54 1577 819 2442 1435 1477 1714 1761 2212 416 2176 528 2644 1666 1506 90 1230 1780 2029 2714 964 2787 1371 837 1945 1518 841 611 1971 1106 874 969 924 286 1732 2630 2393
1009 2480 2695 2292 1534 841 1819 666 911 1565 1529 2476 3045 3183 1775 1829 1489 2382 3159 986 2488 1816 2431 1568 1325 2461 2683 678 311 281 2781 1286 2438 3116 1781 3172 1797 1340 3154 2833 864 2113 3084 3151 3082 1972 1610 1868 1427 2590 520 746 1875 1049 104 2553 1762 521 1245 2436 500 2045 812 1227 2102 335 257 2083 572 1579 386 3147 1881 715 1223 2943 2787 2823 3113 1191 2607 789 501 1896 78 1944 322 2361 3046 1734 314 1267 2805 669 365 85
49 2265 2336 1645 732 470 1630 2726 2251 2364 674 2123 1287 2445 994 598 393 1944 3157 2754 2290 194 1485 1875 1672 1907 1825 1539 796 3150 139 1655 1829 2926 1483 2262 487 2212 2980 1268 2819 334 2918 1183 1675 1505 1034 2666 1773 501 777 1135 1133 2313 20 3185 2243 452 236 2273 74 2749 1706 826 2430 3162 1067 1489 2770 1632 2525 2242 1797 2520 1547 1563 2815 2407 627 2372 2409 1134 2148 2763 698 622 3101 2965 1567 866 2587 707 940 2130 2969 2127
2546 2882 2261 1916 369 2463 1297 784 1336 1659 2548 94 1760 423 1835 796 1228 783 2371 130 2806 1714 1491 2222 1575 2322 476 2327 1225 251 1938 2723 2705 2173 2787 918 2662 3000 825 2229 2070 1394 682 1128 1713 1218 343 1443 750 70 468 2845 1953 1988 475 113 1976 2303 1033 1529 585 117 1113 2142 1361 2540 441 1090 1554 387 3034 2474 780 935 1768 198 646 3100 467 2377 2743 1565 618 1998 2774 808 963 764 2252 1122 2763 1480 1019 1615 1069 674
2972 511 2554 1770 959 1130 1414 3012 2290 1022 2915 164 2797 321 2418 2339 2091 788 235 741 49 1736 2973 1820 873 2509 2921 14 2085 1649 2630 2490 515 2575 377 1490 2402 1068 731 2028 2715 2239 2511 2766 2629 75 995 3084 3005 1265 1975 927 1572 2905 1211 3162 2095 128 2119 2038 480 2272 276 456 1628 2759 376 2423 634 1079 967 1823 141 411 2692 1629 1834 3131 1153 2610 1664 2188 2840 1905 1154 586 2503 1971 2536 3042 368 1643 2688 1493 2120 2636
1604 2088 462 247 1126 1596 2100 1856 2130 1527 1317 1822 2901 2430 484 803 3091 2440 983 763 3038 260 1060 3015 2083 2473 2041 1343 920 2671 2096 1451 993 1921 262 1675 2560 2239 828 1519 2968 1991 995 39 985 1512 2957 258 2225 102 2651 852 1408 541 1007 2377 798 2398 2760 1839 1264 959 1099 1455 3185 1589 194 972 2089 1556 2338 3060 1503 1351 1388 632 2326 1280 2590 2976 281 1670 1011 1053 3093 3120 493 30 761 2095 2306 2498 2139 2045 2691 1785
2937 2103 2916 2042 2784 63 452 1554 1361 2656 1078 1777 3003 2882 2329 715 151 1676 2993 1787 1791 2430 1936 1975 2488 975 2792 343 897 2019 2429 2504 1886 458 2822 1675 1934 276 110 1632 861 299 1991 2433 1824 2047 1260 2817 2954 2464 1599 1829 2943 1769 355 3147 2772 1615 263 1643 947 2774 2368 501 3032 1666 2825 2750 574 2660 619 1654 2759 154 1795 2144 2865 638 373 1684 1517 1061 55 2333 1808 2362 1701 530 178 2242 2473 2835 1060 2690 1293 2386
1441 2880 2343 1394 997 2531 2238 736 3048 304 2806 2086 1357 2431 2500 2794 608 1504 232 808 1171 1021 1858 1084 3065 602 61 2512 2897 1994 152 2755 2562 2288 1408 3175 1549 1675 3064 2622 809 2165 397 998 1250 605 2449 1540 1660 576 1412 2271 475 610 1384 104 1212 2956 1478 1107 970 858 2859 2170 1767 2069 959 846 205 117 855 2304 1911 1244 1479 368 2825 441 709 339 2292 2011 22 1030 252 1715 2749 1174 1647 1160 595 277 3162 2462 2925 242
