252 1762 545 2925 260 2407 69 2702 1057 1113 1481 722 2669 1600 26 1077 2911 1260 3193 916 3059 1276 786 1336 2252 1295 546 2015 2056 404 2713 1614 2761 1334 2317 2105 3002 1526 1973 822 2884 2121 397 2732 999 1167 2349 1004 2600 613 3151 2584 77 1448 1409 2692 2137 2838 387 866 772 592 2155 2997 1513 133 1273 605 1031 883 1591 2067 1716 809 2588 851 2085 507 3092 1703 1145 3103 2100 490 2553 1765 337 3189 1510 1732 1262 757 3087 707 170 410
2205 3019 661 788 966 5 1111 1953 1509 1986 1003 2239 1254 2748 391 1155 1216 1908 1494 2540 235 1925 198 2167 1633 2116 127 1126 2404 1372 868 2789 2425 2060 2275 850 342 2769 2490 2524 346 26 2778 2741 2950 517 952 2972 1262 569 1412 2423 2272 3137 2725 2149 1221 328 2173 589 2847 1928 1288 1933 3149 3046 157 1843 387 241 3039 942 1367 541 3117 319 2744 1044 2592 1817 976 2683 3059 1182 2967 2408 2715 443 499 1178 2183 2986 2641 2048 1117 173
2022 3009 1197 651 643 3023 3075 1083 127 1680 1316 187 1695 702 1765 1121 862 335 2093 220 2155 2032 1910 2696 2123 1188 1417 2515 3103 1971 120 486 966 36 547 695 3060 163 2884 1345 1279 2154 3040 1892 1428 3174 1230 412 1281 1239 84 2301 650 2342 3190 2143 1291 1886 2005 2579 2156 3055 861 2950 1636 556 1932 2394 2234 2061 814 2787 97 2369 243 3024 2487 2076 1777 1605 1037 614 790 1921 96 1656 1796 2875 1021 1016 1551 2915 909 2393 1221 367
42 2375 1479 1911 1615 3125 1909 2584 1310 2822 2236 2901 1286 1555 1693 3170 2784 824 1225 451 2241 317 2825 1188 1571 1417 1589 1516 2930 1138 2620 3071 250 2553 1037 1445 3152 1683 2800 1116 2359 1298 1953 236 2476 2319 517 30 1642 2114 7 1001 538 2143 1895 1852 980 343 3035 314 1730 1830 841 2528 882 1422 1810 1060 1277 1269 521 2025 1232 1014 1215 2646 947 2962 637 2812 1848 812 1301 2788 2861 3079 650 2103 933 1075 2627 2587 2057 3122 2765 1002
176 3000 2133 477 625 2799 2866 559 2209 1215 73 1181 319 648 402 2381 1367 11 401 2602 3176 2856 1249 2770 2745 532 1338 637 1605 2504 193 1731 767 1792 521 779 2256 2702 1994 1843 1379 560 597 738 1042 1749 1828 2249 1680 3194 907 2527 105 3172 2564 960 1294 893 2179 1195 1508 928 2579 3086 1623 635 1858 2938 3128 1039 1279 1698 984 614 1173 3106 1819 1343 409 1449 2397 3049 59 1729 1446 1905 1923 510 404 813 572 2022 3149 2172 427 3011
86 1846 2797 1644 2019 264 2360 2678 2338 2871 1888 324 2723 1953 338 1698 1465 2198 2802 950 3125 2480 1349 1836 1728 794 2796 2179 2945 2002 1357 2298 1723 887 3185 2448 513 2598 1860 1570 2585 1721 2126 1194 599 2882 2846 2148 664 2091 1433 2160 1517 1285 1418 616 647 1261 2535 935 529 2085 731 2186 1933 176 782 2328 3127 793 2025 812 2571 407 1097 1905 1691 2408 714 1677 2385 600 2816 1610 2755 788 3078 1650 1660 172 2402 121 1292 3071 2690 739
131 1394 3107 1277 304 2451 134 2415 2749 1183 2079 2471 904 2322 2554 2983 707 3097 3184 2075 1111 1629 1424 3013 127 2195 2545 3195 192 1120 303 1582 2024 641 1541 2453 3151 742 2666 1247 1419 1256 1969 466 1094 317 1455 20 1147 836 2214 146 3057 1987 1686 1056 875 1275 243 606 772 80 1632 1914 927 495 3183 383 295 3088 2402 444 1704 760 510 735 2225 1407 422 108 2426 2354 201 1423 2733 3181 157 2936 1307 1321 1926 208 775 78 2066 895
460 745 99 370 1868 2809 1560 2805 3007 327 1615 2729 1027 2901 1390 2873 2795 2993 602 1111 950 2271 424 1673 2365 457 91 2209 218 267 3090 999 763 376 1087 1278 1305 252 1044 1508 2395 2287 2585 2265 636 2548 1924 2393 1818 161 1570 1045 2520 85 1301 1504 1846 966 1890 1106 1967 1650 2203 1052 1572 154 2818 1983 254 2246 1794 204 3147 1084 1163 521 878 434 2801 157 1202 961 2875 624 562 2330 437 2305 2101 1477 113 802 2503 1847 55 834
3021 2644 400 996 590 152 1575 2788 3141 90 2467 2490 1315 966 1910 1432 290 3143 3091 2128 174 1415 639 476 386 236 588 3155 397 550 402 2147 2512 1726 3095 2492 2942 569 63 2180 1631 932 1990 2285 648 1625 1912 1444 2138 2964 2770 423 1796 1969 3016 727 2044 466 2763 1092 2658 1348 2530 796 621 1363 217 595 2217 2321 1806 150 2026 2889 2153 1055 2780 2728 2967 2339 1322 2511 2589 2385 1666 2326 2527 1518 309 1284 2398 74 1705 2712 2416 1461
28 2863 2315 624 550 1286 197 1647 3121 1921 763 715 1555 2764 655 13 264 2657 38 2910 1530 571 1064 1992 1550 951 427 51 1149 1394 2089 694 569 2492 1062 1704 1721 3150 2357 91 536 2284 2121 332 1579 2400 1119 1714 1905 1221 1894 682 2590 170 807 1613 2698 2185 1618 2281 1452 1643 2220 3127 544 1877 2126 2462 2640 1617 2967 2897 1935 2598 3031 1069 1154 2466 532 2673 3006 514 2629 408 873 3128 2333 1879 1918 2816 158 178 2824 109 1381 2991
