1872 885 1326 1231 1482 772 645 1316 731 1323 375 1303 152 41 1611 1415 2309 2218 1289 1210 1133 1609 369 1709 968 244 145 1848 1076 807 830 1796 108 380 1371 82 1484 1601 755 1051 1983 442 156 1701 1536 503 1653 42 1369 1141 1013 63 1793 1123 4 607 1770 2088 581 1804 1129 1991 1967 1587 7 326 1020 1305 1764
1841 1083 1581 1606 892 1687 1689 204 2244 2294 986 1043 216 792 1116 1268 849 549 2261 1888 1056 900 1852 1289 203 1616 667 1513 978 1869 703 683 429 283 1392 964 906 2259 372 313 146 1497 292 165 1943 2073 1718 1066 1485 375 1087 748 1540 1972 72 1756 2266 357 1038 473 556 1034 1358 1848 1729 1395 787 658 408
1370 267 791 1415 1245 829 130 1223 537 2116 174 257 1549 1543 1287 2008 1129 1526 8 1285 743 1921 951 2163 239 1090 120 1833 491 2121 2161 2271 2076 2236 1808 313 804 930 1074 961 163 108 1584 648 792 880 10 1261 2283 122 958 2086 1946 1006 200 646 601 2130 59 1881 495 2233 160 767 1148 812 993 2030 289
424 135 1613 453 1149 1676 1765 2016 919 2267 392 781 292 1560 1452 1928 771 2165 1801 777 1061 1045 161 2171 1085 1538 73 244 863 2269 1113 1750 1421 1080 1684 2184 95 2222 1290 1682 448 1506 896 2169 1366 602 1728 955 2244 1773 2089 440 1589 1235 2278 922 134 1720 2014 1112 1000 2200 25 1639 48 1276 1378 174 91
1253 319 762 80 1261 983 1569 550 77 1884 1696 628 1049 2038 840 55 59 2173 1675 2163 555 1733 1639 1058 1748 879 74 969 51 1372 768 1476 1019 850 24 2250 1344 370 329 540 1740 643 949 1555 517 60 693 2039 2160 461 427 1862 1044 929 100 1926 1021 886 934 122 1510 2086 1663 2245 959 1761 2195 431 1454
1699 2008 1989 1412 803 1201 1979 2054 535 1309 105 1252 211 532 2175 1938 245 263 1278 1529 1799 1550 1417 1354 1374 284 200 1149 1203 1603 1233 696 1880 2246 1861 1433 1848 1565 301 1977 1825 760 256 934 2018 311 2167 326 1455 1693 1705 885 280 374 1453 2023 1419 1523 664 1340 1862 1036 854 1870 2225 1877 1826 892 485
1335 1188 2209 451 1411 1267 1211 543 54 602 2281 982 1820 1837 1861 1738 763 1575 298 2083 1093 866 1365 2221 1414 2292 1149 2071 674 544 1857 1864 2265 1106 1023 529 1725 155 1114 1443 499 855 2193 1293 2144 761 1755 2034 1754 777 1347 2136 397 1787 465 1862 1917 908 928 1580 1823 754 2285 2061 867 633 1397 2205 1950
358 385 1898 1667 157 334 369 2133 530 1106 1748 433 1098 252 1827 1659 2298 1834 349 2029 46 617 544 935 826 1100 188 757 943 435 513 1205 884 1195 174 199 194 2215 2053 447 1275 493 227 1249 2268 501 605 398 1799 1189 1678 504 591 890 2006 1997 2219 567 2278 2096 2213 278 1990 838 684 1465 1353 2097 2166
833 1791 2212 29 1066 1823 843 1263 89 555 1340 1135 1517 464 2280 718 849 618 1429 310 2209 560 959 1076 832 1904 1114 1872 2160 218 957 113 1061 1345 18 1570 972 1274 1084 1705 1607 1232 2303 374 357 1845 2292 2092 1912 550 435 2139 1726 1516 216 1662 2226 80 151 1805 805 2307 544 30 408 807 1523 212 365
1549 1653 1081 964 2002 1755 1505 35 2232 2070 1792 941 1165 1223 239 475 2307 563 1604 760 525 1664 2047 218 1414 399 1102 1622 526 527 1047 518 2011 1544 1412 1580 767 1846 582 145 904 1898 1744 681 1271 589 176 455 1612 1821 1673 237 2129 1076 332 851 956 1576 1357 1614 1852 856 1461 1746 1562 1893 1359 1702 391
