231 433 404 537 566 922 754 365 718 74 745 183 294 495 157 612 486 898 105 921 110 206 248 164 99 388 794 845 889
257 358 868 823 901 296 819 664 612 455 802 701 565 130 905 139 526 801 731 709 788 682 98 162 830 345 566 474 182
597 587 92 370 314 665 270 269 98 522 894 648 413 288 271 792 391 63 679 439 24 506 290 279 863 724 73 674 103
310 737 779 504 67 903 886 765 827 584 879 507 461 574 420 108 107 435 358 627 429 799 151 616 354 654 587 581 350
603 245 415 920 800 124 650 455 948 41 66 15 482 599 628 816 143 84 510 421 741 544 231 659 806 682 780 904 795
714 19 674 758 176 654 659 826 11 809 604 780 316 775 73 288 291 109 20 829 808 468 587 517 843 383 89 546 159
620 189 706 367 500 133 9 86 229 837 267 791 447 415 546 384 740 647 918 781 843 552 289 870 106 583 436 25 747
328 425 116 621 121 396 442 661 634 80 513 22 128 476 30 653 464 850 79 374 726 397 360 534 112 759 119 41 72
947 706 663 757 620 751 581 601 877 439 832 431 45 655 35 661 654 305 586 862 588 550 625 73 167 22 206 68 614
292 299 679 903 916 665 461 193 364 538 236 751 629 540 785 814 160 374 191 519 800 769 843 781 715 647 511 708 3
