262 466 54 327 187 372 126 512 189 454 460 225 319 501 554 101 219 160 281 66 36 615 577 181 156
431 575 411 181 568 558 642 809 749 357 99 262 369 151 532 772 178 367 614 587 461 430 704 174 640
231 789 87 222 576 507 766 5 137 285 345 102 829 439 684 95 52 835 181 549 685 96 467 488 182
170 177 310 27 350 378 519 704 165 168 224 344 703 305 594 210 25 659 209 186 818 116 600 811 100
550 290 100 185 452 93 85 221 130 586 684 313 219 356 49 801 412 112 563 770 568 48 430 745 815
483 840 542 533 517 193 681 720 664 453 585 448 828 409 679 166 826 688 356 53 29 347 776 54 823
63 368 795 750 401 50 276 51 3 659 379 320 180 734 12 651 284 264 472 210 254 213 705 55 173
272 781 378 675 612 605 768 441 133 557 568 177 618 776 676 114 202 288 209 698 337 185 86 834 27
71 434 181 32 258 828 600 635 322 183 512 596 626 359 173 19 178 777 559 3 26 84 706 609 365
525 59 32 768 42 250 38 5 305 284 681 306 614 433 765 87 573 569 508 696 559 487 825 421 466
