776 270 1106 674 37 849 332 1251 282 778 1175 655 1480 1281 976 299 612 1415 519 1570 496 1536 960 659 734 1468 1169 306 510 646 1032 290 1543 573 1360 131 1107 803 896 340 1335 1408 1198 230 809 50 555 1547
1095 509 1066 1429 1204 957 659 702 1030 1264 1437 562 298 1056 1061 935 1031 673 1028 123 758 650 362 1347 1450 768 662 1134 1353 1303 619 1452 491 1227 1573 587 291 1547 773 368 1497 141 1160 246 545 900 1482 948
66 660 428 179 1034 998 1174 1454 1061 1133 1589 361 1476 446 48 84 584 1300 1305 689 1223 1338 257 871 876 1139 1241 1495 469 787 405 930 486 358 829 929 1220 97 366 1582 817 466 348 950 1262 134 1149 987
602 1442 434 456 652 95 1528 149 1538 870 162 1082 1566 850 1058 55 1586 720 38 591 1547 172 1379 1071 640 469 1074 1169 1341 1202 1096 126 457 407 1491 1328 830 568 1224 1511 573 454 422 80 1441 911 936 1489
355 820 654 1039 1305 362 1590 1188 705 720 1358 727 538 1563 937 438 242 84 1400 1332 312 1090 786 1044 540 110 1017 723 360 20 1228 161 981 1122 1193 1123 957 583 1204 809 1387 709 1581 423 57 1475 1207 1565
1070 1506 1428 1079 1097 215 473 62 1089 1387 1269 753 1042 159 1205 81 703 543 1216 1117 590 1179 315 349 121 1223 1386 1430 1390 1466 902 583 1197 1130 645 1256 510 885 599 1044 944 212 744 1566 479 149 125 910
21 630 1137 1523 513 1387 263 991 273 1531 129 952 706 945 958 455 1309 872 1223 422 1404 719 299 1026 490 1150 515 436 496 1389 750 921 1068 1438 126 1055 555 687 1123 1199 1549 131 918 318 1419 452 738 1434
566 1322 97 537 550 1400 1166 1204 1259 1572 135 540 531 1138 1262 901 562 1574 480 500 299 1003 1424 926 919 1096 507 967 1065 218 380 1115 456 1012 1566 423 1450 1467 899 17 1437 86 1165 1540 628 1073 1224 270
425 704 1104 36 1407 725 898 722 285 971 1148 235 1245 779 1318 1392 1382 916 535 450 1524 542 631 43 807 1243 526 381 594 268 708 1267 1107 973 372 278 819 373 200 1444 642 635 303 913 383 75 653 25
1273 1097 112 429 1336 683 157 1307 212 837 1132 835 547 135 1498 529 985 649 1462 70 162 22 1473 453 1219 935 225 633 245 1163 1433 1516 341 142 1246 1528 50 839 509 1453 876 93 709 428 1539 1293 660 61
